2807
400
4626
2074
4509
2306
1316
2305
4697
3888
2948
2950
2410
1570
4294
2958
2603
4865
25
4801
2599
4244
2293
4183
4334
4237
1430
1586
1043
2936
4886
1612
1503
4222
44
376
2262
31
2229
3464
2959
4445
1007
1664
2951
1585
3048
4160
3594
3691
1545
2671
1910
2880
4258
4531
4874
945
2768
405
2274
2254
1866
125
4338
2259
4868
809
4880
4977
3886
1521
1502
428
4803
669
1691
2231
938
4765
731
245
587
1294
925
4823
1029
99
1021
4786
3267
860
7
4225
3243
4093
2501
3539
4901
473
2161
1230
2178
2847
476
379
196
2776
2028
296
1371
480
3615
3579
1256
3588
285
1193
674
30
4203
1959
52
2315
4310
2764
4797
1672
275
3181
4471
2164
4441
4487
4236
4313
939
306
3747
3742
859
1223
1899
4982
4636
1313
546
2125
1317
98
1954
4881
4198
4157
4351
1900
4836
4502
2365
2000
4496
2329
4595
2302
3144
2804
609
3824
2054
4532
3186
1671
1096
1373
4545
913
5088
1588
785
347
2538
583
1960
1590
1955
1881
3826
1561
4380
455
1544
367
3178
4238
2247
1252
295
349
5115
4243
4311
3595
5073
364
3499
2767
2204
983
372
380
4443
2402
2990
27
3523
326
1937
3515
398
3960
4721
1792
2817
205
1331
778
4195
3514
1300
2300
1582
2424
1016
2970
3668
2308
2405
878
2454
2459
1645
2952
2174
3350
4024
65
1491
