2161
3553
3514
4230
144
2451
5175
4164
2633
3000
3725
4278
3340
3540
3550
3588
2384
3258
373
4982
2794
4225
420
2158
2293
2133
4877
3499
89
3888
2343
2721
1691
5748
1374
2267
3857
3238
2570
4939
3436
1935
4868
2180
5151
5254
2339
2439
2396
3403
3696
4721
753
106
2871
3450
1994
5115
4161
3903
3186
4470
284
4956
2305
609
4626
4722
2821
5395
3473
3521
1681
944
3310
3024
4235
495
5084
2235
400
4797
875
3798
452
4839
4380
4805
4859
4158
296
1048
2199
275
4733
2165
4196
4807
1680
1937
2027
4874
3643
3547
3635
4546
94
3325
3393
404
4688
4355
648
2921
2402
221
4781
2697
3078
2017
2167
8
2336
2909
1957
5389
2315
5149
3402
1635
3587
2341
3802
4109
2188
4489
3257
2527
405
4467
1311