3553
4225
3514
2633
420
4164
2039
144
2384
2188
4956
3000
3238
2161
4230
3325
4722
2451
2133
89
2158
452
2705
4877
373
3888
4868
4982
3303
2293
5151
3550
4198
4278
495
3588
1691
4721
3710
2871
2260
4196
4626
3258
1374
5175
4380
3065
3499
4939
753
2215
5508
2343
2235
2229
2921
3450
3078
5081
875
3798
1908
4839
2721
400
2165
4747
5007
4733
2584
1954
4723
2697
3560
5084
3024
2305
2164
3728
4850
4438
405
2402
2017
3053
4217
4546
2180
2167
4161
4846
3954
4797
4203
3725
3436
4470
3643
4803
4102
1947
3903
4796
1048
1994
4901
588
4859
221
1681
3186
367
4117
2149
4874
2267
4195
1957
4524
296
5254
1311
2095
3857
4467
4759
2487
4811
4339
4416
2396
4258
2027
2381
4132
2277
4689
4526
2866
4263
2341
2426
4158
4445
2717
4128
2225
3830
275
3403
4234
245
3500
3591
2073
1935
3243
2409
4800
1635
603
3358
8
1741
4078
4562
587
377
5058
3280
287
